$ANSIBLE_VAULT;1.1;AES256
65333432616637633231613537376631643732353564623863313662646134326636656661316563
6235333531303261313037376637373436393234383135330a303965633364343364626666333930
30616338346337326430373565306138393839383433616136303531396634396564346361383964
3035366231636266660a386630373133343532383035353039356661623063333133303962643631
61653664343262653539613962373561633566663439616666376631663633656130656639623236
66343265326536353839323236666566633435653336666434336664363339396435326635656564
34636633356264316435313861613063643238326535663136363366336438306231386463353938
62643130333533343762306466613134663135653066323930663566386332663335666533386235
30376464653366396237356261373164333433653466616439373034646437346134653163353338
65303239316365393664653166663730313235346164366237363134336166633961396539656332
37613639373735653931613461623362623066636462323664366363383736663661303336646539
34626537353136383030353830313233666435393562326664336336353038633631373434376132
64326364316663346435653564366439396563356262333637333038303863333836666266323237
62616430303830613361336235303531346634343364376439616434313861636136643739626366
65363363373337633238346161353565623935386262353337643132616530626333646666613439
32363334313734343362353162343064346561306664363766303636373033663136373566363861
35656233663562323361663838336366393561303330646538316466623537326166383032656266
64323932623834656539346235396133306532626261663636396663316234656533383639333162
37323035666563646264336338623337653137313235303634396533316666376230313861393734
37326133316665623839646535313831616332396265386434626536623135396132653362393362
61633538323064636136363230643038616233363261636131663262326133353537306434346465
64656337613663653362313734373635663734383362656231653037633766366664346531656432
64373964356534386635366238373164326263336633656335353363623765623962663536376435
63323637626139616531376666306435633734663934313633633263353036316665663635646531
36636565363835653430303538616239303531316233323764653730646535336239633330306639
63306439643333366262323236613935613136626637626232386139393630306132336363363865
63663332323436623066646133383133336161336131353530663530333138316632306331663639
61376266326133346533663361646566353832386136373530346264353531373861643338633361
34663731313062613362373063623837643865613039326337376662333265366466353731303761
6361666630323432383065646161656333653338623830633933
